1.650064152021122998e+00 1.386503540311856408e+00 -1.172222118607054053e+00 -2.933939011187107759e-01 -7.040661222395548924e-01 -5.412786855955961096e-01 -3.256068647720654630e-01 0.000000000000000000e+00 1.000000000000000000e+00 0.000000000000000000e+00
1.498876006119124193e+00 1.524236566544244553e+00 -1.066520253992406575e+00 -1.772619567472731583e-01 -6.136586772933777523e-01 -9.031592286078252707e-01 -2.625124560224843528e-01 1.000000000000000000e+00 0.000000000000000000e+00 0.000000000000000000e+00
1.482966578578388539e+00 1.538024959075507070e+00 -1.102319341371139849e+00 -1.689814734083761316e-01 -6.509389398313686348e-01 -8.359744257163281844e-01 -2.627773573266819485e-01 1.000000000000000000e+00 0.000000000000000000e+00 0.000000000000000000e+00
1.679143811885192683e+00 1.353566669022422619e+00 -1.189190816735810730e+00 -3.464972584446019965e-01 -7.084219024417870436e-01 -4.197090498290874661e-01 -3.688914534563270675e-01 0.000000000000000000e+00 1.000000000000000000e+00 0.000000000000000000e+00
1.358818223726445895e+00 1.603216507049805450e+00 -1.297076366301966210e+00 -2.922535752156120714e-01 -8.064122278675865951e-01 -2.339207774035270693e-01 -3.323717839875599545e-01 0.000000000000000000e+00 0.000000000000000000e+00 1.000000000000000000e+00
1.164981981451979731e+00 1.703967353820222241e+00 -1.348427703816431844e+00 -2.134605152636229741e-01 -8.856810567827065883e-01 -1.769404783508216061e-01 -2.444395810586201534e-01 0.000000000000000000e+00 0.000000000000000000e+00 1.000000000000000000e+00
1.381258038279976841e+00 1.610727452851062225e+00 -1.249586302776091173e+00 -2.423505548175966806e-01 -7.744046386025158490e-01 -4.479731478744323203e-01 -2.776708470604010159e-01 0.000000000000000000e+00 0.000000000000000000e+00 1.000000000000000000e+00
1.616419996830709582e+00 1.413283048736891478e+00 -1.193264284708320799e+00 -2.988964624573484663e-01 -7.385554744621419809e-01 -4.767737726577610524e-01 -3.222130512820300940e-01 0.000000000000000000e+00 1.000000000000000000e+00 0.000000000000000000e+00
1.477504014350545347e+00 1.559946431775539377e+00 -1.113957112456483767e+00 -2.182730948374038693e-01 -6.277371013815395973e-01 -7.841663036751176374e-01 -2.933168337755391319e-01 1.000000000000000000e+00 0.000000000000000000e+00 0.000000000000000000e+00
1.276880699977053890e+00 1.682201774479401779e+00 -1.272687118297137765e+00 -2.191225386407020526e-01 -7.951697627061596885e-01 -4.193265845312554863e-01 -2.527764702811999276e-01 0.000000000000000000e+00 0.000000000000000000e+00 1.000000000000000000e+00
1.274498117660901819e+00 1.688340243178043210e+00 -1.264082511224567495e+00 -2.304265999549601485e-01 -7.964165657357559214e-01 -4.200636680595794537e-01 -2.518490158640827592e-01 0.000000000000000000e+00 0.000000000000000000e+00 1.000000000000000000e+00
1.477691983416784760e+00 1.542397751616897850e+00 -1.198922779838574870e+00 -2.153748826442956621e-01 -7.271570680020639221e-01 -5.787382121930548795e-01 -2.998967923556930537e-01 1.000000000000000000e+00 0.000000000000000000e+00 0.000000000000000000e+00
1.332546205915307258e+00 1.636507298837653890e+00 -1.259174572416549509e+00 -2.151030229335861022e-01 -8.044626992868377791e-01 -4.654648696993965440e-01 -2.248483404165925736e-01 0.000000000000000000e+00 0.000000000000000000e+00 1.000000000000000000e+00
1.691284373641359640e+00 1.329659971340783287e+00 -1.133282778983099703e+00 -2.463677578234962362e-01 -6.951249363680478410e-01 -6.918516120368788380e-01 -2.543172597706209737e-01 0.000000000000000000e+00 1.000000000000000000e+00 0.000000000000000000e+00
1.264189750103021925e+00 1.689385296097132283e+00 -1.263177379755416219e+00 -2.189499679577900371e-01 -8.214304365189362134e-01 -4.204974612284447244e-01 -2.295198007395646556e-01 0.000000000000000000e+00 0.000000000000000000e+00 1.000000000000000000e+00
1.203209564479682303e+00 1.708370596582101886e+00 -1.308621987383215002e+00 -2.142572121659133966e-01 -8.551331484152517870e-01 -2.964401263437697054e-01 -2.371276867536347144e-01 0.000000000000000000e+00 0.000000000000000000e+00 1.000000000000000000e+00
1.718214383589004690e+00 1.298621977490086454e+00 -1.202974732162812588e+00 -3.554641493872647273e-01 -7.150911840633851213e-01 -3.614111283713438150e-01 -3.818951670942832832e-01 0.000000000000000000e+00 1.000000000000000000e+00 0.000000000000000000e+00
1.573141016696954830e+00 1.471108777357685637e+00 -1.138616186513407902e+00 -2.324585932832376189e-01 -6.750929988532302639e-01 -6.674869591933938473e-01 -3.305950562113709190e-01 1.000000000000000000e+00 0.000000000000000000e+00 0.000000000000000000e+00
1.555558111139061950e+00 1.477272027976071600e+00 -1.192168842882143309e+00 -2.671710348948512226e-01 -7.391788338678068060e-01 -4.907637260750012942e-01 -3.435477013953295300e-01 1.000000000000000000e+00 0.000000000000000000e+00 0.000000000000000000e+00
1.553809905781351253e+00 1.462377949377799968e+00 -1.209987653055496937e+00 -2.550189650689051457e-01 -7.533231274682598011e-01 -5.258861359144260117e-01 -2.719719736520637143e-01 0.000000000000000000e+00 1.000000000000000000e+00 0.000000000000000000e+00
1.593733076012239014e+00 1.429340810457891964e+00 -1.219396500876786194e+00 -3.158625971972216506e-01 -7.391254418428967465e-01 -3.311680839902126916e-01 -4.175212625630133068e-01 1.000000000000000000e+00 0.000000000000000000e+00 0.000000000000000000e+00
1.556584083958896914e+00 1.494845018982744023e+00 -1.170032099489541677e+00 -2.834392106045749427e-01 -6.853406077719184086e-01 -5.156577582245565061e-01 -3.969594268510496238e-01 1.000000000000000000e+00 0.000000000000000000e+00 0.000000000000000000e+00
1.500843273956924406e+00 1.506520667345503828e+00 -1.047814316754897890e+00 -1.474932731939712083e-01 -6.092546021317651883e-01 -9.644701818105517743e-01 -2.383315674112420623e-01 1.000000000000000000e+00 0.000000000000000000e+00 0.000000000000000000e+00
1.355124526016896036e+00 1.616138179583597845e+00 -1.276301645045386568e+00 -2.611174105470013274e-01 -8.108348617979155293e-01 -3.507699263373030840e-01 -2.722388618728869281e-01 0.000000000000000000e+00 0.000000000000000000e+00 1.000000000000000000e+00
1.564611976670376103e+00 1.456744720900753798e+00 -1.037487812136182574e+00 -1.718710624609257609e-01 -5.868004396547392698e-01 -9.510322066368303018e-01 -2.741651766824508285e-01 1.000000000000000000e+00 0.000000000000000000e+00 0.000000000000000000e+00
1.711498151819761393e+00 1.319538432771404590e+00 -1.102665034161819158e+00 -2.576767347404341213e-01 -6.708483915255254448e-01 -7.206503322987284355e-01 -2.791960918646575474e-01 0.000000000000000000e+00 1.000000000000000000e+00 0.000000000000000000e+00
1.353764361007421924e+00 1.596063106370228635e+00 -1.309564809655525686e+00 -2.903724140169334778e-01 -8.190030421209808509e-01 -1.985784662544856083e-01 -3.323087353297271562e-01 0.000000000000000000e+00 0.000000000000000000e+00 1.000000000000000000e+00
1.368654410538206134e+00 1.615686467660528480e+00 -1.188564605557691722e+00 -1.810891761344863016e-01 -7.433603716376834258e-01 -6.989820463316379628e-01 -1.723446785372359513e-01 0.000000000000000000e+00 0.000000000000000000e+00 1.000000000000000000e+00
1.208860488874933692e+00 1.712656337205315182e+00 -1.299258028207438409e+00 -2.075906525363645505e-01 -8.412595009639747268e-01 -3.197421906320221940e-01 -2.536664537404495490e-01 0.000000000000000000e+00 0.000000000000000000e+00 1.000000000000000000e+00
1.613816921367794865e+00 1.414554594543838917e+00 -1.026252964619937424e+00 -2.024158697354308534e-01 -5.655931193206591434e-01 -9.480035152341126370e-01 -2.861060470014926138e-01 1.000000000000000000e+00 0.000000000000000000e+00 0.000000000000000000e+00
1.487195400472256512e+00 1.550273000496977804e+00 -1.130647086231137299e+00 -1.931104737346692468e-01 -6.749419474718938439e-01 -7.119746029702784806e-01 -3.267942905612556403e-01 1.000000000000000000e+00 0.000000000000000000e+00 0.000000000000000000e+00
1.721542703189285151e+00 1.314671897124172872e+00 -1.080865385394608413e+00 -2.656018900966596319e-01 -6.257291417245203213e-01 -7.681339238473096076e-01 -2.958842592503607705e-01 0.000000000000000000e+00 1.000000000000000000e+00 0.000000000000000000e+00
1.480228266469279186e+00 1.544171048897845289e+00 -1.129647965112660746e+00 -2.095113259655976001e-01 -6.616486778475860753e-01 -7.790146236600183904e-01 -2.445767227812627453e-01 1.000000000000000000e+00 0.000000000000000000e+00 0.000000000000000000e+00
1.570687263983428616e+00 1.442762254943140254e+00 -1.231767818390656410e+00 -2.973997337034058885e-01 -7.495287208786330924e-01 -4.509097445517515346e-01 -2.838435014021215008e-01 0.000000000000000000e+00 1.000000000000000000e+00 0.000000000000000000e+00
1.509985082529892164e+00 1.523933741953005905e+00 -1.125913015312236976e+00 -1.975300974224212802e-01 -6.598285240170493893e-01 -7.528860090255370396e-01 -2.977611787056531623e-01 1.000000000000000000e+00 0.000000000000000000e+00 0.000000000000000000e+00
1.555707150980366826e+00 1.465514979336028256e+00 -1.024782912592367534e+00 -1.995429486123113383e-01 -5.625204230666698280e-01 -9.803494631332995146e-01 -2.540263829117485606e-01 1.000000000000000000e+00 0.000000000000000000e+00 0.000000000000000000e+00
1.245891114808946432e+00 1.662717549272208162e+00 -1.323422208419887225e+00 -2.445645635666234829e-01 -8.731773771589064204e-01 -2.243255921822802368e-01 -2.431189227534562569e-01 0.000000000000000000e+00 0.000000000000000000e+00 1.000000000000000000e+00
1.302236961724046571e+00 1.635486444035124665e+00 -1.311486335110640500e+00 -2.609411456594175616e-01 -8.377007854020905864e-01 -2.771275490859555490e-01 -2.504675905010692594e-01 0.000000000000000000e+00 0.000000000000000000e+00 1.000000000000000000e+00
1.744182449903338261e+00 1.281899483439752130e+00 -1.083999753455945791e+00 -2.551544564920488756e-01 -6.444764691431710268e-01 -7.617456945016652936e-01 -2.807055597502598476e-01 0.000000000000000000e+00 1.000000000000000000e+00 0.000000000000000000e+00
1.300080086224375986e+00 1.643128255403715210e+00 -1.307206791147468072e+00 -2.803573241779038216e-01 -8.258522298165994480e-01 -2.559574191869790072e-01 -2.738345772991416793e-01 0.000000000000000000e+00 0.000000000000000000e+00 1.000000000000000000e+00
1.341647761571117758e+00 1.636724210556806502e+00 -1.224541322503885477e+00 -1.866212622909162455e-01 -7.722345225855912210e-01 -5.904220336336398756e-01 -2.045528311138926636e-01 0.000000000000000000e+00 0.000000000000000000e+00 1.000000000000000000e+00
1.713883435787276088e+00 1.318291140561045349e+00 -1.099123141624199551e+00 -2.543452140327558397e-01 -6.591993923615055984e-01 -7.307827600691091385e-01 -2.887240682607497555e-01 0.000000000000000000e+00 1.000000000000000000e+00 0.000000000000000000e+00
1.748714410075771886e+00 1.290293461350514148e+00 -1.125941143898507857e+00 -3.183614016255837398e-01 -6.623319851116639123e-01 -5.979052571827088158e-01 -3.344680836078225417e-01 0.000000000000000000e+00 1.000000000000000000e+00 0.000000000000000000e+00
1.723718399173355342e+00 1.317194428824408181e+00 -1.104893725941853200e+00 -2.748206836285930210e-01 -6.587260270558694675e-01 -6.759956543676857166e-01 -3.264767370037600092e-01 0.000000000000000000e+00 1.000000000000000000e+00 0.000000000000000000e+00
1.414189042473323221e+00 1.602893893802673775e+00 -1.216889398755694796e+00 -2.495217291292099182e-01 -7.328281542397936388e-01 -4.990561442988451502e-01 -3.187875098524539652e-01 1.000000000000000000e+00 0.000000000000000000e+00 0.000000000000000000e+00
1.684125573063060655e+00 1.337669618615814127e+00 -1.078463351779364920e+00 -2.383871246196651306e-01 -6.391953434801954659e-01 -8.311764411738991054e-01 -2.345729306257504643e-01 0.000000000000000000e+00 1.000000000000000000e+00 0.000000000000000000e+00
1.590162071139805011e+00 1.453723241746808226e+00 -1.153963885026837888e+00 -2.864403281363682163e-01 -6.677110569401307760e-01 -6.421287764289438371e-01 -2.936412663543319645e-01 0.000000000000000000e+00 1.000000000000000000e+00 0.000000000000000000e+00
1.502553993525543419e+00 1.506346173984186798e+00 -1.056674832598940128e+00 -1.661950173003621800e-01 -6.242904167044512898e-01 -9.445400564368630070e-01 -2.171998444691121966e-01 1.000000000000000000e+00 0.000000000000000000e+00 0.000000000000000000e+00
1.562486911317214844e+00 1.480568319757222584e+00 -1.124004722639866838e+00 -2.321017689040144605e-01 -6.498865858599759404e-01 -7.297095855428521460e-01 -3.073525681277285426e-01 1.000000000000000000e+00 0.000000000000000000e+00 0.000000000000000000e+00
1.534069592918185121e+00 1.486144894607714040e+00 -1.076757375578649700e+00 -1.853211218513377001e-01 -6.442922710554663812e-01 -8.800449215904385669e-01 -2.337987974500067012e-01 1.000000000000000000e+00 0.000000000000000000e+00 0.000000000000000000e+00
1.592545620452201272e+00 1.423168162800164893e+00 -9.967172046260482920e-01 -1.810783289612635516e-01 -5.459311994749863617e-01 -1.019825129205718994e+00 -2.721619209843483267e-01 1.000000000000000000e+00 0.000000000000000000e+00 0.000000000000000000e+00
1.607796666668504182e+00 1.408314847921808166e+00 -1.078439144356987178e+00 -1.955530742578266978e-01 -6.368000374342798198e-01 -8.797586628308972090e-01 -2.255605957103212211e-01 1.000000000000000000e+00 0.000000000000000000e+00 0.000000000000000000e+00
1.446005138052683714e+00 1.587076390181078489e+00 -1.108968864149009637e+00 -2.221081601916879422e-01 -6.234016143230752816e-01 -8.046239151341669782e-01 -2.739789744358207546e-01 0.000000000000000000e+00 0.000000000000000000e+00 1.000000000000000000e+00
1.355657425906276581e+00 1.648050030477034245e+00 -1.067503285561439252e+00 -1.387697758373523105e-01 -5.960632096035295424e-01 -9.250048897456317754e-01 -2.763662956353557520e-01 1.000000000000000000e+00 0.000000000000000000e+00 0.000000000000000000e+00
1.390879755517583805e+00 1.622569065375564445e+00 -1.203971696284911408e+00 -2.270456924312656277e-01 -7.216220806033510904e-01 -5.725150990115813743e-01 -2.882942525620386109e-01 0.000000000000000000e+00 0.000000000000000000e+00 1.000000000000000000e+00
1.631086629291280898e+00 1.401625380098985518e+00 -1.161229063742346579e+00 -2.611804508799887570e-01 -7.045135972202167807e-01 -6.137800650968513461e-01 -2.920088324508620103e-01 0.000000000000000000e+00 1.000000000000000000e+00 0.000000000000000000e+00
1.405880858190439620e+00 1.572862332391045115e+00 -1.281934184773195096e+00 -3.013918901903434033e-01 -7.910537807515779507e-01 -2.429483742201316576e-01 -3.614149606462366271e-01 0.000000000000000000e+00 0.000000000000000000e+00 1.000000000000000000e+00
1.189995939835478911e+00 1.661736019160760858e+00 -1.363616646857986447e+00 -2.672386489552752153e-01 -9.040877560444059435e-01 -4.856746635136854201e-02 -2.682214407872027806e-01 0.000000000000000000e+00 0.000000000000000000e+00 1.000000000000000000e+00
1.251204192211242683e+00 1.660995213346808885e+00 -1.325234891565197248e+00 -2.767309008799402337e-01 -8.555607182339277639e-01 -1.664776023363236102e-01 -2.881952925426614076e-01 0.000000000000000000e+00 0.000000000000000000e+00 1.000000000000000000e+00
1.736310335024454421e+00 1.294441349647744932e+00 -1.085744080739873052e+00 -2.724105683231425878e-01 -6.172234186662312050e-01 -7.713349174256871610e-01 -2.840386995172665685e-01 0.000000000000000000e+00 1.000000000000000000e+00 0.000000000000000000e+00
1.602157975629087794e+00 1.434283745481736982e+00 -1.038146485375669226e+00 -2.128481956342435644e-01 -5.723490735987311062e-01 -9.143481701223244995e-01 -2.987497963798563250e-01 1.000000000000000000e+00 0.000000000000000000e+00 0.000000000000000000e+00
1.766646927720787685e+00 1.259503651200190699e+00 -1.123734567545466856e+00 -2.926753827713263756e-01 -6.956211182826627093e-01 -6.027905817471397310e-01 -3.113289285743828239e-01 0.000000000000000000e+00 1.000000000000000000e+00 0.000000000000000000e+00
1.462387841438698599e+00 1.551034067947937301e+00 -1.237019481952754907e+00 -2.781051424622071888e-01 -7.520381388237955544e-01 -4.186418430256344525e-01 -3.276173031222454068e-01 0.000000000000000000e+00 0.000000000000000000e+00 1.000000000000000000e+00
1.486089303837771380e+00 1.533348364847289647e+00 -1.058141628160505165e+00 -1.727037375963325072e-01 -6.100469646885862129e-01 -9.241228076476786235e-01 -2.544225305919584623e-01 1.000000000000000000e+00 0.000000000000000000e+00 0.000000000000000000e+00
1.546834394443704186e+00 1.478013096804354776e+00 -1.089225909001213743e+00 -1.900663551677609642e-01 -6.334987161737292150e-01 -8.565169212266469101e-01 -2.555395896787092114e-01 1.000000000000000000e+00 0.000000000000000000e+00 0.000000000000000000e+00
1.797221925810770671e+00 1.218849881886031827e+00 -1.157443378985709703e+00 -3.308084131334773637e-01 -7.008499727226051856e-01 -4.463371362650436769e-01 -3.806329065899662911e-01 0.000000000000000000e+00 1.000000000000000000e+00 0.000000000000000000e+00
1.608971976051629893e+00 1.419088481768080223e+00 -1.166039661835104546e+00 -2.641834846998067921e-01 -6.982029002050633704e-01 -6.444929975362878594e-01 -2.551414135434473263e-01 0.000000000000000000e+00 1.000000000000000000e+00 0.000000000000000000e+00
1.721589550171045868e+00 1.310495145656742411e+00 -1.174318673376495425e+00 -3.442816984435234096e-01 -6.934682104202978259e-01 -4.550984509647706400e-01 -3.649176626227000342e-01 0.000000000000000000e+00 1.000000000000000000e+00 0.000000000000000000e+00
1.533373743540282774e+00 1.511874144461560210e+00 -1.120497676557075772e+00 -2.397568277521740787e-01 -6.328085890913639489e-01 -7.451928570028677479e-01 -3.069919375983607979e-01 1.000000000000000000e+00 0.000000000000000000e+00 0.000000000000000000e+00
1.390350460851153214e+00 1.609922470219867563e+00 -1.186011841948543255e+00 -1.996987238248611740e-01 -7.377588457927496401e-01 -6.618869336445504237e-01 -2.149165858603166446e-01 0.000000000000000000e+00 0.000000000000000000e+00 1.000000000000000000e+00
1.708335785004658547e+00 1.310631254189441375e+00 -1.061059144403099008e+00 -2.183217198335048181e-01 -6.292830683425627569e-01 -8.534299514188785629e-01 -2.568731551960526938e-01 0.000000000000000000e+00 1.000000000000000000e+00 0.000000000000000000e+00
1.240400720550651759e+00 1.710281765907679663e+00 -1.263841498323564849e+00 -2.070317905967640204e-01 -8.069381199335408095e-01 -4.330221981256202057e-01 -2.398488794788420642e-01 0.000000000000000000e+00 0.000000000000000000e+00 1.000000000000000000e+00
1.332225372808013120e+00 1.666022541358585407e+00 -1.134535702780715027e+00 -1.765378290405730521e-01 -6.588747375961498953e-01 -8.043149324646133858e-01 -2.239847122845471938e-01 1.000000000000000000e+00 0.000000000000000000e+00 0.000000000000000000e+00
1.630287248115423582e+00 1.430135908473136430e+00 -1.114260703364944982e+00 -3.033566485923831491e-01 -6.274198630495776419e-01 -6.721809808241254736e-01 -3.432049607575295425e-01 0.000000000000000000e+00 1.000000000000000000e+00 0.000000000000000000e+00
1.215406554226971858e+00 1.687013840275025212e+00 -1.329507415564954442e+00 -2.685171201616609049e-01 -8.558825582396905052e-01 -1.797439839643804604e-01 -2.687693165713123111e-01 0.000000000000000000e+00 0.000000000000000000e+00 1.000000000000000000e+00
1.614503224937437587e+00 1.398297245811937595e+00 -1.228460052005490022e+00 -3.213578738711346250e-01 -7.588570316309696251e-01 -3.836760678543669201e-01 -3.204494453874140447e-01 0.000000000000000000e+00 1.000000000000000000e+00 0.000000000000000000e+00
1.529936201043049282e+00 1.496121920047439602e+00 -1.232627154521383606e+00 -3.448543409072775123e-01 -7.117392897096409543e-01 -3.205503264416830755e-01 -4.162870095105026813e-01 1.000000000000000000e+00 0.000000000000000000e+00 0.000000000000000000e+00
1.729660651051958986e+00 1.281205544860585022e+00 -1.042599412797439840e+00 -2.197491819387732692e-01 -6.229261841609855521e-01 -8.868081276755235276e-01 -2.387832893398220135e-01 0.000000000000000000e+00 1.000000000000000000e+00 0.000000000000000000e+00
1.303761421993892222e+00 1.465057784870819724e+00 -1.379801135921586930e+00 -4.039354227185890100e-01 -8.791917482658166971e-01 3.396180923464570123e-01 -4.455089923051772649e-01 0.000000000000000000e+00 0.000000000000000000e+00 1.000000000000000000e+00
1.451573480823619366e+00 1.570719884868956084e+00 -1.180015235613521174e+00 -2.068608519758557696e-01 -7.191903893708033735e-01 -6.217829783442648806e-01 -2.944439103881294484e-01 1.000000000000000000e+00 0.000000000000000000e+00 0.000000000000000000e+00
1.544243443502817170e+00 1.490226465037286507e+00 -1.140728346460437859e+00 -2.197967389572162422e-01 -6.766260425514154520e-01 -7.105795718726058974e-01 -2.867392086984269506e-01 1.000000000000000000e+00 0.000000000000000000e+00 0.000000000000000000e+00
1.177264624625116163e+00 1.710400399123446880e+00 -1.330751231736724938e+00 -2.123925678700627484e-01 -8.724296746081365850e-01 -2.364212224953393948e-01 -2.356703270382997095e-01 0.000000000000000000e+00 0.000000000000000000e+00 1.000000000000000000e+00
1.715454281579298135e+00 1.321912880252726907e+00 -1.087696326739639119e+00 -2.762491519637166326e-01 -6.296365322606259918e-01 -7.555377854492486556e-01 -2.882473654187950873e-01 0.000000000000000000e+00 1.000000000000000000e+00 0.000000000000000000e+00
1.685917545600078338e+00 1.342931101511191549e+00 -1.064527785643602398e+00 -2.465614757664590651e-01 -6.156342127860493507e-01 -8.459021071743625386e-01 -2.562230657407939538e-01 0.000000000000000000e+00 1.000000000000000000e+00 0.000000000000000000e+00
1.683136517713453184e+00 1.355277472759158330e+00 -1.118727403691003097e+00 -2.776878001542877339e-01 -6.828047190681094669e-01 -6.737155574258122392e-01 -2.854785101333996988e-01 0.000000000000000000e+00 1.000000000000000000e+00 0.000000000000000000e+00
1.637124439480704297e+00 1.399280636644337106e+00 -1.139423630779497820e+00 -2.615775780555704144e-01 -7.104444995786716177e-01 -6.394287258239833571e-01 -2.855306418873180818e-01 0.000000000000000000e+00 1.000000000000000000e+00 0.000000000000000000e+00
1.520530500978048094e+00 1.514542914412313701e+00 -1.184840737017698764e+00 -2.448096048192932028e-01 -7.064525290374108479e-01 -5.661434171803694237e-01 -3.328271273355880022e-01 1.000000000000000000e+00 0.000000000000000000e+00 0.000000000000000000e+00
1.572384555751656254e+00 1.450397183296985304e+00 -1.213883273220808912e+00 -2.618099522659954048e-01 -7.347016257973050246e-01 -4.840556964568485943e-01 -3.283311913076830679e-01 1.000000000000000000e+00 0.000000000000000000e+00 0.000000000000000000e+00
1.274265837651522792e+00 1.696393100548550859e+00 -1.221105898659254896e+00 -2.007811321307055863e-01 -7.704130920059564236e-01 -5.770979932019765224e-01 -2.012608222021794457e-01 0.000000000000000000e+00 0.000000000000000000e+00 1.000000000000000000e+00
1.539295283788350677e+00 1.500214902066907996e+00 -1.159224614268133502e+00 -2.441379360696902812e-01 -6.943439335007109969e-01 -6.304475093861520163e-01 -3.113561926305717376e-01 1.000000000000000000e+00 0.000000000000000000e+00 0.000000000000000000e+00
1.261140987915234435e+00 1.705317631732661265e+00 -1.211299046546780778e+00 -1.621347094782412679e-01 -7.655940529871863021e-01 -6.129978834176510460e-01 -2.144329272180349466e-01 0.000000000000000000e+00 0.000000000000000000e+00 1.000000000000000000e+00
1.273073787571145754e+00 1.684119430391862071e+00 -1.249619019870600312e+00 -1.824975544631272373e-01 -8.119845960399955098e-01 -4.880806294972711012e-01 -2.250114180920127493e-01 0.000000000000000000e+00 0.000000000000000000e+00 1.000000000000000000e+00
1.499581958600487264e+00 1.523287997896191515e+00 -1.194253816766884801e+00 -2.339221648978986601e-01 -7.479481169597561596e-01 -5.498051385131601521e-01 -2.969407193589795879e-01 1.000000000000000000e+00 0.000000000000000000e+00 0.000000000000000000e+00
1.367967039367033788e+00 1.618398777924786147e+00 -1.073981954973150410e+00 -1.522624970431132874e-01 -6.232919322608684309e-01 -9.545151273446434992e-01 -1.823143056700435582e-01 1.000000000000000000e+00 0.000000000000000000e+00 0.000000000000000000e+00
1.708299963560915291e+00 1.309275784984437419e+00 -1.030513664591246714e+00 -2.405219406622199074e-01 -5.938563277986432798e-01 -9.159693574510293645e-01 -2.367144580422153033e-01 0.000000000000000000e+00 1.000000000000000000e+00 0.000000000000000000e+00
1.589952959097189922e+00 1.447318575031997900e+00 -1.174481953939483736e+00 -2.892099134984068565e-01 -7.180158149602190454e-01 -5.557014968910951591e-01 -2.998623548399843575e-01 0.000000000000000000e+00 1.000000000000000000e+00 0.000000000000000000e+00
1.412988729331407178e+00 1.545700206230096185e+00 -1.301722432540468377e+00 -3.168292261136386734e-01 -8.204801589340741108e-01 -1.849879884077277881e-01 -3.346691295655935816e-01 0.000000000000000000e+00 0.000000000000000000e+00 1.000000000000000000e+00
1.490265575309163593e+00 1.547425216248516699e+00 -1.143997719853344863e+00 -2.043136369678632269e-01 -6.785345151897079763e-01 -6.826173466853761029e-01 -3.282275728613888166e-01 1.000000000000000000e+00 0.000000000000000000e+00 0.000000000000000000e+00
1.710626602434444532e+00 1.323091441743163399e+00 -1.085608425072952299e+00 -2.706268062283252451e-01 -6.282526142687441251e-01 -7.758697418681614888e-01 -2.733604567394256057e-01 0.000000000000000000e+00 1.000000000000000000e+00 0.000000000000000000e+00
1.351237221616585105e+00 1.622990090563113830e+00 -1.099865817841045645e+00 -1.267964378203683129e-01 -6.582242704269133382e-01 -9.239381867301857953e-01 -1.654025993611847323e-01 0.000000000000000000e+00 0.000000000000000000e+00 1.000000000000000000e+00
1.703496591451289621e+00 1.299232645595345792e+00 -1.215480843373693887e+00 -3.547341937544062906e-01 -7.577198346432165721e-01 -2.871438186172267648e-01 -3.876505466580918990e-01 0.000000000000000000e+00 1.000000000000000000e+00 0.000000000000000000e+00
1.426996298340599045e+00 1.577829334314938325e+00 -1.255130254791159805e+00 -2.929505596354491370e-01 -7.508526419814285369e-01 -3.575611287766959356e-01 -3.483310474708036786e-01 0.000000000000000000e+00 0.000000000000000000e+00 1.000000000000000000e+00
1.345919551020918981e+00 1.603375506554584717e+00 -1.311681252518779983e+00 -2.915003261731957673e-01 -8.197531367545446424e-01 -2.341578633497883588e-01 -2.922024787791966949e-01 0.000000000000000000e+00 0.000000000000000000e+00 1.000000000000000000e+00
1.408152158154229339e+00 1.606618274976718164e+00 -1.127860686869135209e+00 -1.593033558900513458e-01 -6.797967525890301621e-01 -7.762555534532935564e-01 -2.715540843294375062e-01 1.000000000000000000e+00 0.000000000000000000e+00 0.000000000000000000e+00
1.238093611208741507e+00 1.614677597910024964e+00 -1.362643992432479356e+00 -3.127035417682227925e-01 -8.768506495878233276e-01 6.339453011151092998e-02 -3.639675554417522441e-01 0.000000000000000000e+00 0.000000000000000000e+00 1.000000000000000000e+00
1.655012558907138942e+00 1.355886482486847289e+00 -1.192342551574448573e+00 -2.460637115596482072e-01 -7.631941730232065790e-01 -5.277949563620206730e-01 -2.815036488746610055e-01 0.000000000000000000e+00 1.000000000000000000e+00 0.000000000000000000e+00
1.243093144004358885e+00 1.595622100841405100e+00 -1.368212574616864075e+00 -2.989292135510654425e-01 -9.127031390640422126e-01 7.157638545581693212e-02 -3.304467030696094931e-01 0.000000000000000000e+00 0.000000000000000000e+00 1.000000000000000000e+00
1.726268522595592492e+00 1.304166386278897694e+00 -1.082519693066070321e+00 -2.551995058853488429e-01 -6.418752129040351528e-01 -7.683551030360733503e-01 -2.824853939829637950e-01 0.000000000000000000e+00 1.000000000000000000e+00 0.000000000000000000e+00
1.538150347246056038e+00 1.504905968712834330e+00 -1.098891535593020219e+00 -2.206728323292208582e-01 -6.262542504345270933e-01 -7.924761431006362988e-01 -3.047615545014877858e-01 1.000000000000000000e+00 0.000000000000000000e+00 0.000000000000000000e+00
1.686226100477556056e+00 1.345053389835118907e+00 -1.051292473723273613e+00 -2.518911759419233398e-01 -6.036354353648304416e-01 -8.640799553200431138e-01 -2.603804499626036772e-01 0.000000000000000000e+00 1.000000000000000000e+00 0.000000000000000000e+00
1.324339655384086045e+00 1.640319282637358933e+00 -1.279797149105315501e+00 -2.516087355416134486e-01 -8.138666016834670280e-01 -3.164310267207774974e-01 -3.029554249702703372e-01 0.000000000000000000e+00 0.000000000000000000e+00 1.000000000000000000e+00
1.297926906924851354e+00 1.660821151444866750e+00 -1.269980809969626590e+00 -2.298578625044143953e-01 -8.306746460878652316e-01 -3.589121282118449274e-01 -2.693226115959661549e-01 0.000000000000000000e+00 0.000000000000000000e+00 1.000000000000000000e+00
1.691318306023634754e+00 1.331826792151185046e+00 -1.033951374356627984e+00 -2.213925512625270764e-01 -6.038730074384078828e-01 -9.025749691796363106e-01 -2.613531959376190206e-01 0.000000000000000000e+00 1.000000000000000000e+00 0.000000000000000000e+00
1.491842834649840910e+00 1.468975747369751561e+00 -1.290790651680743695e+00 -3.547784045231943684e-01 -7.911240063496270958e-01 -8.702560073451168221e-02 -4.370999187315161016e-01 1.000000000000000000e+00 0.000000000000000000e+00 0.000000000000000000e+00
1.554687124966363854e+00 1.477651071717731579e+00 -1.084531375496903705e+00 -1.872447743247371843e-01 -6.368051707828280561e-01 -8.369154900548709808e-01 -2.868413860247548963e-01 1.000000000000000000e+00 0.000000000000000000e+00 0.000000000000000000e+00
1.625088582234891277e+00 1.416445435259026997e+00 -1.167024372735047777e+00 -2.980256655805735844e-01 -6.924691322340822408e-01 -5.680027031760668255e-01 -3.160121437681480128e-01 0.000000000000000000e+00 1.000000000000000000e+00 0.000000000000000000e+00
1.571411338558667437e+00 1.478461611439705781e+00 -1.043454178618382855e+00 -2.297267410220338590e-01 -5.596034256340233215e-01 -8.818923774199751708e-01 -3.351962273039580387e-01 1.000000000000000000e+00 0.000000000000000000e+00 0.000000000000000000e+00
1.713939763514831904e+00 1.319108553952581531e+00 -1.105607646082852558e+00 -2.683313921609426500e-01 -6.573883903580538535e-01 -7.177835200420819017e-01 -2.839373688234823057e-01 0.000000000000000000e+00 1.000000000000000000e+00 0.000000000000000000e+00
1.733205422241224314e+00 1.284212683748152006e+00 -1.101217346243122508e+00 -2.389431460073206670e-01 -6.718791905410381737e-01 -7.478511406635414138e-01 -2.575272825343518091e-01 0.000000000000000000e+00 1.000000000000000000e+00 0.000000000000000000e+00
1.601766284291968434e+00 1.437337751214813331e+00 -1.108051301794402921e+00 -2.324074814525552979e-01 -6.500205944936738867e-01 -7.633525189049173987e-01 -2.852721388612319831e-01 1.000000000000000000e+00 0.000000000000000000e+00 0.000000000000000000e+00
1.650743954581438189e+00 1.380072745215982666e+00 -1.137423256141531613e+00 -2.464920535645501731e-01 -6.814268531136661311e-01 -6.895469893946297724e-01 -2.759275475830433866e-01 0.000000000000000000e+00 1.000000000000000000e+00 0.000000000000000000e+00
1.712003741609315899e+00 1.297909252997068164e+00 -1.023083039517536319e+00 -2.174131936702232426e-01 -5.996092375766509663e-01 -9.361524615371349389e-01 -2.336550623048379849e-01 0.000000000000000000e+00 1.000000000000000000e+00 0.000000000000000000e+00
1.715475988734921353e+00 1.322132359050514072e+00 -1.062443709047678597e+00 -2.656441114826466054e-01 -6.142332888131981639e-01 -8.051752948765344975e-01 -2.901119435653775058e-01 0.000000000000000000e+00 1.000000000000000000e+00 0.000000000000000000e+00
1.269193359347298600e+00 1.679114315150024961e+00 -1.264859247546640253e+00 -1.912368933600419041e-01 -8.318252344619296856e-01 -4.381158418830398138e-01 -2.222704572456721261e-01 0.000000000000000000e+00 0.000000000000000000e+00 1.000000000000000000e+00
1.619645248995132958e+00 1.408280209976021435e+00 -1.153256162897225545e+00 -2.395008442131305593e-01 -7.031179297993119803e-01 -6.627506723473013395e-01 -2.692998497141856906e-01 0.000000000000000000e+00 1.000000000000000000e+00 0.000000000000000000e+00
1.153580781853277060e+00 1.647406036013977948e+00 -1.390641844519815651e+00 -2.667903405937886996e-01 -9.212335057037274177e-01 8.487309797519518306e-02 -3.071942250251187279e-01 0.000000000000000000e+00 0.000000000000000000e+00 1.000000000000000000e+00
1.520404643817674151e+00 1.518405873465461520e+00 -1.121749897068841317e+00 -2.165267922552077395e-01 -6.398663528538687251e-01 -7.601923280570763719e-01 -3.004751470481433206e-01 1.000000000000000000e+00 0.000000000000000000e+00 0.000000000000000000e+00
1.219619488043493405e+00 1.634514696215639384e+00 -1.366359481583165003e+00 -3.215276215850425556e-01 -8.789959103836172405e-01 2.472128850771213374e-02 -3.119724592150173170e-01 0.000000000000000000e+00 0.000000000000000000e+00 1.000000000000000000e+00
1.449007509095276758e+00 1.584546687619026173e+00 -1.144512810798836044e+00 -2.314596930209478765e-01 -6.507567001315137656e-01 -7.222426862238782164e-01 -2.845823065391270279e-01 0.000000000000000000e+00 0.000000000000000000e+00 1.000000000000000000e+00
1.591083678538175228e+00 1.440684974693900777e+00 -1.180528869076868492e+00 -2.780279240566347898e-01 -7.219759052837103619e-01 -5.641478678760438736e-01 -2.870880869388199863e-01 0.000000000000000000e+00 1.000000000000000000e+00 0.000000000000000000e+00
1.276581832124006555e+00 1.660112300488872927e+00 -1.293586798012309247e+00 -2.194208545406593769e-01 -8.501413869675162882e-01 -3.398587760088950804e-01 -2.336863170834989067e-01 0.000000000000000000e+00 0.000000000000000000e+00 1.000000000000000000e+00
1.576471348492494595e+00 1.467781875090923949e+00 -1.133405111681330180e+00 -2.409310567537672199e-01 -6.446075746329337219e-01 -7.082957923805206502e-01 -3.170136881348666336e-01 1.000000000000000000e+00 0.000000000000000000e+00 0.000000000000000000e+00
1.333766277964830271e+00 1.673041667585603243e+00 -1.152297700272330916e+00 -1.769516374854457064e-01 -6.853935060976876770e-01 -7.207346925165182272e-01 -2.714304091784526252e-01 1.000000000000000000e+00 0.000000000000000000e+00 0.000000000000000000e+00
1.308088672914851758e+00 1.676197413348450072e+00 -1.213432139660498121e+00 -2.045254781348433970e-01 -7.347945395176217476e-01 -6.149787534157055147e-01 -2.165551755346341589e-01 0.000000000000000000e+00 0.000000000000000000e+00 1.000000000000000000e+00
1.556854831688171403e+00 1.467909480110137332e+00 -1.119129602930966305e+00 -2.162435238510862778e-01 -6.783963098055242336e-01 -7.802296613060897279e-01 -2.307652139046428574e-01 0.000000000000000000e+00 1.000000000000000000e+00 0.000000000000000000e+00
1.353572508952640030e+00 1.455376494191307657e+00 -1.371166893358018113e+00 -4.089643137446382637e-01 -8.524755885670071143e-01 2.724584483202687202e-01 -4.488006557945515840e-01 0.000000000000000000e+00 0.000000000000000000e+00 1.000000000000000000e+00
1.762357037398658788e+00 1.256901530039472359e+00 -1.174794825680160359e+00 -3.512969986303720593e-01 -7.084551994760677207e-01 -4.141374130588115765e-01 -3.705741305927195417e-01 0.000000000000000000e+00 1.000000000000000000e+00 0.000000000000000000e+00
1.452173803416280329e+00 1.584369316521164084e+00 -1.104764604172557618e+00 -1.983511432690537035e-01 -6.290526537075467051e-01 -7.925912965324597437e-01 -3.117834222558251711e-01 1.000000000000000000e+00 0.000000000000000000e+00 0.000000000000000000e+00
1.616927202560939580e+00 1.418583997452780299e+00 -1.078415281141006821e+00 -2.267791442078492259e-01 -6.206320800654790970e-01 -8.357990391783480799e-01 -2.738856554210369887e-01 1.000000000000000000e+00 0.000000000000000000e+00 0.000000000000000000e+00
1.389781081553628450e+00 1.609455863516818575e+00 -1.242738094215970923e+00 -2.460034031062892923e-01 -7.668817520911724861e-01 -4.375960479937723857e-01 -3.060176476632433529e-01 0.000000000000000000e+00 0.000000000000000000e+00 1.000000000000000000e+00
1.289704819781873901e+00 1.665390986108476801e+00 -1.284965179835638738e+00 -2.520721744935364161e-01 -8.168211842637222997e-01 -2.845177979490158271e-01 -3.167194693484388646e-01 0.000000000000000000e+00 0.000000000000000000e+00 1.000000000000000000e+00
1.242310770206905390e+00 1.672309694667145630e+00 -1.319131394384965850e+00 -2.501540681768084085e-01 -8.585411178702683221e-01 -2.135427311799079630e-01 -2.732511532621014205e-01 0.000000000000000000e+00 0.000000000000000000e+00 1.000000000000000000e+00
1.434105167276488624e+00 1.592576925573052860e+00 -1.169093274179193953e+00 -1.987963962522982797e-01 -7.061201738260288741e-01 -6.318097682464236531e-01 -3.208624803455976116e-01 1.000000000000000000e+00 0.000000000000000000e+00 0.000000000000000000e+00
1.529946017142309378e+00 1.494376077366353028e+00 -1.089574116126596603e+00 -1.890181250831198256e-01 -6.420668317031958949e-01 -8.534271580561157977e-01 -2.502358635396342290e-01 1.000000000000000000e+00 0.000000000000000000e+00 0.000000000000000000e+00
1.688581968817257417e+00 1.322636822427688541e+00 -1.061518582969215307e+00 -2.141809479494181379e-01 -6.540743459123147252e-01 -8.678713443009093975e-01 -2.135735701130868358e-01 0.000000000000000000e+00 1.000000000000000000e+00 0.000000000000000000e+00
1.298978158244342040e+00 1.679556093393388405e+00 -1.249411236078362242e+00 -2.260519961743359396e-01 -7.694876321436558975e-01 -4.628011272605608295e-01 -2.707822599808147324e-01 0.000000000000000000e+00 0.000000000000000000e+00 1.000000000000000000e+00
1.499480481011209454e+00 1.529224883443383254e+00 -1.125522522432993666e+00 -2.038822982712774623e-01 -6.702745284077626930e-01 -7.654566161907189192e-01 -2.635693991518394119e-01 1.000000000000000000e+00 0.000000000000000000e+00 0.000000000000000000e+00
1.422636459444401424e+00 1.609915807199613802e+00 -1.164909777004332847e+00 -2.209090454338722975e-01 -6.798562663183326249e-01 -6.396927435467327783e-01 -3.271844343407456779e-01 1.000000000000000000e+00 0.000000000000000000e+00 0.000000000000000000e+00
1.536756119430789935e+00 1.490869731171722945e+00 -1.059367246380100935e+00 -1.557174251166409118e-01 -6.226573120409076845e-01 -8.895325461556418123e-01 -3.003513209092202874e-01 1.000000000000000000e+00 0.000000000000000000e+00 0.000000000000000000e+00
1.492298120814673945e+00 1.507263244881129394e+00 -1.063801188951142285e+00 -1.499371814279657211e-01 -6.415415070110226381e-01 -9.468300379667110578e-01 -1.974514503389612485e-01 1.000000000000000000e+00 0.000000000000000000e+00 0.000000000000000000e+00
1.382184991609795022e+00 1.616980455392986737e+00 -1.126928780268354080e+00 -1.820000266410851386e-01 -6.659022967618722921e-01 -8.313771950471690042e-01 -1.929571482843008279e-01 0.000000000000000000e+00 0.000000000000000000e+00 1.000000000000000000e+00
1.259519890207042581e+00 1.642251065386846065e+00 -1.332496521470853068e+00 -2.762803668838885729e-01 -8.667102434988463999e-01 -1.066110051481284210e-01 -3.196728185921720033e-01 0.000000000000000000e+00 0.000000000000000000e+00 1.000000000000000000e+00
1.379456769804050964e+00 1.627576153384048929e+00 -1.217518592897391283e+00 -2.369282326816425088e-01 -7.430917751848375996e-01 -5.267767853182759863e-01 -2.827175371059510445e-01 0.000000000000000000e+00 0.000000000000000000e+00 1.000000000000000000e+00
1.723012110484577253e+00 1.303351238688595037e+00 -1.086899287969089523e+00 -2.653661544651931825e-01 -6.327260071642135664e-01 -7.835220592312027721e-01 -2.578498403434740793e-01 0.000000000000000000e+00 1.000000000000000000e+00 0.000000000000000000e+00
1.666642792562923692e+00 1.370623637772725667e+00 -1.134668418022282355e+00 -2.728680199240394733e-01 -6.842844723443146648e-01 -6.551842842462951566e-01 -2.902612357987178204e-01 0.000000000000000000e+00 1.000000000000000000e+00 0.000000000000000000e+00
1.698900372542122117e+00 1.333262938818129184e+00 -1.056389540583414943e+00 -2.380364705717185614e-01 -6.049293117934766428e-01 -8.456536994898739001e-01 -2.871542889217658101e-01 0.000000000000000000e+00 1.000000000000000000e+00 0.000000000000000000e+00
1.695486640502057218e+00 1.337427717550763617e+00 -1.146638029970529882e+00 -2.810305837357769398e-01 -7.111808344777108548e-01 -5.837821909097727913e-01 -3.102827189590299239e-01 0.000000000000000000e+00 1.000000000000000000e+00 0.000000000000000000e+00
1.237442923353161195e+00 1.691950907236766666e+00 -1.315248527373914289e+00 -2.567841716856530954e-01 -8.114379825266632151e-01 -3.101952793962689525e-01 -2.357278696074296132e-01 0.000000000000000000e+00 0.000000000000000000e+00 1.000000000000000000e+00
1.297249050197885722e+00 1.665583243427313676e+00 -1.265377818469082039e+00 -2.194485834417711778e-01 -8.108813987728208383e-01 -4.159711941331684648e-01 -2.511532988083548523e-01 0.000000000000000000e+00 0.000000000000000000e+00 1.000000000000000000e+00
1.441576502326724851e+00 1.574970430519509357e+00 -1.215974789668881506e+00 -2.419839623644686188e-01 -7.422111930874110142e-01 -5.083415157558675013e-01 -3.080354719696054011e-01 1.000000000000000000e+00 0.000000000000000000e+00 0.000000000000000000e+00
1.653630433992036464e+00 1.377006283078092252e+00 -1.156652992992919460e+00 -2.641293613440913735e-01 -7.050514928008635440e-01 -6.187112275156020358e-01 -2.860916424166530803e-01 0.000000000000000000e+00 1.000000000000000000e+00 0.000000000000000000e+00
1.183926873253334566e+00 1.579521719763337995e+00 -1.396296972794868418e+00 -3.439649207202073455e-01 -9.082473810250425439e-01 2.618674385576910679e-01 -3.768067570342454875e-01 0.000000000000000000e+00 0.000000000000000000e+00 1.000000000000000000e+00
1.393534193787997921e+00 1.615182440925375440e+00 -1.188928648006141175e+00 -1.966833283211478767e-01 -7.464579021030743888e-01 -6.049941679006893835e-01 -2.716525883823196486e-01 1.000000000000000000e+00 0.000000000000000000e+00 0.000000000000000000e+00
1.704678053429111051e+00 1.313649783298578289e+00 -1.178556926125202464e+00 -2.895661242366042720e-01 -7.374131960677365871e-01 -5.099783858897738442e-01 -3.028132044083733376e-01 0.000000000000000000e+00 1.000000000000000000e+00 0.000000000000000000e+00
1.289140748530900327e+00 1.678812057001320301e+00 -1.139772204531924293e+00 -1.443912298067492328e-01 -7.075808797548793772e-01 -8.217316512950375573e-01 -1.544768401436308058e-01 0.000000000000000000e+00 0.000000000000000000e+00 1.000000000000000000e+00
1.792892711832589026e+00 1.230752212484204966e+00 -1.139176359037577857e+00 -3.250413366262061565e-01 -6.799383933949773029e-01 -5.355137846851052430e-01 -3.439750505729272656e-01 0.000000000000000000e+00 1.000000000000000000e+00 0.000000000000000000e+00
1.350446782558219816e+00 1.621807791760116357e+00 -1.277835347678371702e+00 -2.614839985983450910e-01 -8.021186246236622353e-01 -3.503141409268291651e-01 -2.805024624911275355e-01 0.000000000000000000e+00 0.000000000000000000e+00 1.000000000000000000e+00
1.385370599064855712e+00 1.614995731340697516e+00 -1.189033300590362607e+00 -1.913886425625895005e-01 -7.378964573790924852e-01 -6.515136695229425401e-01 -2.305342603505663723e-01 0.000000000000000000e+00 0.000000000000000000e+00 1.000000000000000000e+00
